40k:{9: {'weight': 0.5773338721782807, 'positions': [0]}}
madureira:{9: {'weight': 0.5773338721782807, 'positions': [2]}}
ricardo:{9: {'weight': 0.5773338721782807, 'positions': [1]}}
