azevedo:{6: {'weight': 0.44720719109163276, 'positions': [1]}, 8: {'weight': 0.46163789123811283, 'positions': [0]}}
diogo:{6: {'weight': 0.44720719109163276, 'positions': [0]}}
idk:{6: {'weight': 0.44720719109163276, 'positions': [2]}, 7: {'weight': 0.5, 'positions': [2]}, 8: {'weight': 0.46163789123811283, 'positions': [3]}}
madureira:{7: {'weight': 0.5, 'positions': [1]}}
nada:{7: {'weight': 0.5, 'positions': [3]}}
nenhum:{8: {'weight': 0.46163789123811283, 'positions': [4]}}
program:{6: {'weight': 0.44720719109163276, 'positions': [4]}}
ricardo:{7: {'weight': 0.5, 'positions': [0]}, 8: {'weight': 0.6005908965007848, 'positions': [1, 2]}}
test:{6: {'weight': 0.44720719109163276, 'positions': [3]}}
